A=[1, 2, 3;
    10, 20, 30;
    -1, -2, -3];
v1=[1, 2, 3]; v2=[10, 20, 30]; v3=[-1, -2, -3];
B=[v1; v2; v3];

% Solve a system of equations
C=[1 1 1; -1 2 3; 0 0 15];
rhs=[1; 15; -1];
